386886980634139067
-3345633193463175833
8405662848489380972
-8491380253771565764
2875877982146209950
3574817129532733524
-3629293232556549100
3227601559095359840
-8290524731824410111
-5197799654828446160
-8220025348815199560
-55884067079290742
-5838491190224483675
-422132585742593987
4943093013428800640
8988760675784983156
-8794941857780555074
-7588469634910883249
-2116084929775725493
8819574713176987311
-5065088406459858826
2018596787373191505
1617804816774231597
-2178387398907962594
5362815983444724329
-1207975025615060544
-8304304598000606741
4363131217747749496
-7952155959811677656
2306141512222723630
3634932546597354881
-5909231236535524663
7131120507036815030
3979377696531736000
8914853974818551708
-5068578586701497359
4577118245589759758
-5468013109933409615
7252410523013376545
78920036095880739
264843142985641115
1825843339275153613
6328065083087391908
-843030132073437080
3651959961591219645
2465686942965791735
7483763689991386866
5414295723562981146
591383290378029131
-698122343390146909
5828783886947267463
4454290658998889
-4326911790324095988
-588925184671344548
-8698228870867820008
7983427492621208793
4019225268504739133
1704644878373704767
3548275068846877195
3158484896983251394
9011773581869451022
8072476215745341310
5260735749635357946
2590258698566411215
-2722225644562911707
4974331443407294431
5610974493002606900
-7710914548129776768
5589980660120097561
8109337466431251003
-2726634219759715268
8914789908660102568
-1798067682846173960
-5962598156339750657
3236497003522078024
2627862380476789231
1608803036815387585
3092384626069271214
3886931134120806339
-6424791251919281840
6306094240039015147
6047851027903389788
-329805368605151797
3943956368962665628
3774554698460627933
-5556438119339375563
4636446836634421940
6877739824175020790
7258351634085740659
8414544477065248756
3121670693545237891
8043575703310743638
-827133944124789376
1935308689517908844
5596174599443170163
-7546834728135754746
-4990068046533132986
-8249534496366851325
-3263938280384345484
8871857323076210472
1745146008489552383
-1764739556125950414
-3474784045747924057
5415993353771393837
-1606665174115647400
-38155058070708730
-6531694572881541661
-4903213791420217249
-3087239252214138383
-1470975497274010718
2463722651023331379
-7126051607675456424
-7066153063338137634
8774274821956480699
-6805606078293164970
2965428517954115721
-559152544331567831
-2536952377656089574
-5920665737583734466
-7672403991208310604
7505917047977609549
-7120292429447881698
-3953309491850754671
-2633020736947621517
1523509398510334652
3663598794736226615
-2475794845198958037
3244869341167099567
2207795837897408859
-8455649984810615188
9211145757132584090
838109718594785833
-1487805471330129663
2424463920441368022
-7141837883252477535
9192056659721742836
2329990909496820731
5575891649169520419
7482678497510385589
-9032673635769526536
7619584507458858379
-4637715986419106284
6361958945209065859
5325198475615478641
227337222802762852
5882050371119743231
-3045885796841269144
-4842801467236775569
-456992689320776400
-6251006436148779187
-4980458573320857865
1337992545108318548
8513140986782731530
6422711591555645437
3784365794597792631
4658258958883549273
-395534376530299900
-5583545800885510112
-6943106722033587613
-6979264601737265400
6969498166154051491
-7051074040322961061
-929331045743853336
-1517146080299049021
-7573238941886546594
8633553105198207080
-1087460143422302358
-7569764663936565956
-8651823057851960030
1595807029059820437
-3177701514175675393
3484024259514878203
6646642934347613137
-2393207342939139773
7963676177151806706
8368132954087801308
4806745832675657150
372013474544361064
-5204187506249778366
-7631023836483384690
4461089535218880818
-2857802513863901938
-7798982870160147168
2603960091270877205
442827332891082987
5963437789786686161
4412623003864701045
-2122547279237431224
-1375489179717857640
-804967637913387163
1592035599457496409
-535093705125539757
-3256402791322632866
5883437761112353550
-3683735707570272099
-4136479877590068425
-5977135625000397738
-7251006366305409753
-5365126351843359166
-3929629873118633915
-3744844316516882164
-1516603889954848100
-1433214271066586112
74683834340805031
1198404884339079682
-770843425023366033
6341078117454554048
7630589173337023191
-9061689860985071317
6780477774860832310
-1214428538687119838
4377196876761585446
4875592062664451696
-2395120639320189797
-6328343219913333512
-3455481592194920393
-5092630535159539154
458116731819539419
7151850367627843017
3083918790290680961
-3488703265706942538
7885431871827750472
-5665277519831942065
-7953865385202285104
-5479996031145263156
-2952156568795024697
-3872197175657962247
-7388623611021867068
36690234774018857
-2419750979712570541
3532825712390340458
-7662988018431994288
5545815852041975033
9170195738017522552
-9196820571360440072
-8568427844787960772
6123144042574581086
-269586738599776552
-7569313809723082962
2071206759136336292
7477837828549807083
7386232023424505770
-1933777965087983030
9215307472487295608
-6829430247379715543
5626173692061965622
-1336370090151612480
-9178891226043237126
-9168534914775462379
-964125003222973862
2374942047832272053
-7090805462240903102
-3532613447778057056
-6853009833970258936
2457795504655206532
5486461282850198205
7398874432430459950
-3990392585296883771
2260079648594898749
3461145441421351082
7115548689572658968
-4896324754551098836
7521134302440358945
-8309093992381390180
7358206259903655466
-500135716100885143
-7484222627253742553
-3922902439513529349
3434585482596875045
5893428238808709055
-5840592276967434117
9073484718718073218
8064977755414954814
5262943647710659075
4559872412887353593
1902714067024904130
-2104821247000192611
9005587464239859230
6978881768989343414
-1085543494167119458
266749254870962655
640456017460964750
8462748670007273080
1002470217571518157
5691232599151778453
6699243536951113701
-1486937946420870343
1140419006075480668
-1782068098463389757
2987994596190136649
1264209647688663208
-1394668798829256407
-6754970806171734686
-6874225631955236621
-4493553560943897177
6818208844661229673
-852732159112500770
-9143790078251749456
2066965003656640206
-8905570257164135390
-1321041395043827560
1248489554770470499
-2944918291789113113
1917804231663244722
-8922918075304467355
8156272120681911425
-7398341308912811152
-7554816151449628090
-6290301673013128691
8035120457001729683
-3907167192733732068
6419631346624522596
5031137233286765261
6730371040463131831
-5855994674242057134
1280075737698978658
1816351916190367445
3519412131929329952
3815124866057919916
-8759661203553763348
-9081316071383607349
-6516229287890114926
-3339058507592781190
-3765816044913787774
-3978437854829571257
-1015818518461956377
-1862907326696950467
2784647992868227831
1970251629535968597
1382208340289931660
-4370037203679206868
-3402985650006245389
8126759779004242678
-6062435334014805500
-1404080856383698510
-560909971506216590
-3379199042663410530
-1474075767002458524
9205878105270182637
8446932882153168196
410679479543410871
-47160682157181483
-4896515407921287631
-2706973919720149109
-8253170469636121059
1697247932588445462
8361130439922706307
-5299161706199377601
-3804091778114400607
2692964188496934648
-2477287283770816225
1732645866862511789
-3943115600390872697
1307565115786079968
-7614574637028909581
-6333345186839558668
-7377518387453125113
6307081845007786824
-1962660707304299487
-624680249454662265
5596846503415102927
-8189293616246801859
4020235856033120129
-1210923054086532434
-4764031173989333121
-4596733051797442078
-6615346997218771940
-5724538874620047356
-2545098867703727829
433115727501889261
-6204096826215014222
-8346064559390811142
2100338836257948381
4901625822236498725
-2728484986384854731
3157765289927323475
-8509996940809826031
-6763901729142393878
1153061386989715788
8419405615643147174
-8881484549115467976
-5378550661330507603
-3647606145696876847
2832353334807507424
-3735085987616159179
3305734678123309427
-709589142109496237
-4673243364123797313
5748702951180630755
4831058060133844310
-7772720833427151979
-6421267608823336105
-7982030717296017268
374252483664869636
-8775595206354749427
6765021533163943825
-3805607788368903309
3689508320131321150
-172137507441639066
-3590967979393805145
-2561047801124309172
3465766445141853530
8374151438411462142
-5743175410157794902
94847061957055935
4265890763383938498
6299268064121748841
-8799896613485261828
-5075020259144849176
1987038170752670323
-362086459619237140
7317534933193096662
-3024040462482774566
415970509526164863
-8669977191279142909
-8236805378919746365
-8333921137341343977
-6834645503555715701
-9079101393298356517
8438122764926210083
-7181842395946690791
-5169376732317207470
3814176359780545752
-2637000090397696086
459728893625211597
5625452064630684960
-4204740386440907503
3240050605324736990
-8180724752582243309
-8646162173279990953
-806737175772632369
7531423624289837724
5466492778482398271
1955845833858580717
-7311604678860399598
-7576146809848716909
-3342672983135357285
-5699561674802959124
-5012290723285478388
-3514818303222044473
1177289666198461155
448462938604902898
-6540579859591342685
-5385491408068383984
-1297626002246948921
6775133275784948911
-165662281209340429
6322465504471728792
-5439637081513030292
4490662384519697001
-6972313483044849974
6436763647489836897
-1974669109601263636
6159440380674850682
6061776457437993259
6276745351124972989
-5905108160644292143
-3216806339836445231
157298532757610444
-7873808373915392812
5429529204935630494
8671930692785965933
8405889661803497879
20960173241191713
-4436862365123963578
1914916402575624422
3625103921192864812
-406553847873265931
1789281988792054451
7477528323068442596
-2367724347585268130
630054482942454003
-2468556026368582592
4075860363224943013
-9134245154878299470
6408771361377144466
612077804021500479
-2291598343738622597
-6874964915040880157
-4516400376554434913
-8171621676124016011
-9082763203282235572
-6774838803763952288
7675973943743109560
-4582163396414995815
-7223981183209900527
-1354744599903284788
-8891565671683409711
8067194735952358104
-6649671078626430377
7438137634436768126
-4620222714762247245
2415459621394839636
-3694141761732449087
-8564727202387661057
-7234727397407987848
723579535716548512
-4312124987090606973
-1954131015481081970
-89002080862896879
7740221810295101254
-9128328155598541335
4116226834535138719
-444158250913697856
-919374032411712959
971613303518593230
5613064040170820439
150789217772712862
2062123006170753667
-9128860083056552155
-5496772707836289774
8205079271857097750
4180722086159158128
5985765933827857268
2834728073555528670
-7277771043875872152
-5160905339568624543
8582258330149300052
-3715865927067672579
4837858990993370151
6979437697015909155
-4443937671153905166
-6215602009187998873
-879620451242450501
-2665634585885616523
8412413408817794705
-3344775182220334011
2468379317879014624
8446092258383943822
-3441387597080552698
7617142444977024887
-3042179554065664218
5022463108391580052
2750762200358239803
6189634887948788496
2064591742101282927
754347892225925669
-3133047210599344468
-6859547100195458860
5982011255517504883
-3826727545773136430
4724364064369735917
-2383854670308378431
-530593368086778305
2445066206078279071
245877337664544290
-5787281031557569661
-7716536245629518671
4908742124515330693
492053366234866309
3540134754828535038
-948597228085292290
5247680791264548849
-5249740902094990365
-5583512639952613688
-3404849881605985747
-402872575884511678
-2358735425950183393
3667410564919923371
-430546914587232102
8452672290874950990
4180382465586492334
4657010693309502760
-6695199106668066700
3037615629614501597
7950522254024087578
-6980172149039517713
-3865658640904217026
7744770006577844525
-9071379204167916928
-5729157696060046231
5984356452326731602
-8390592445765920403
-6587308758845693423
53992041516514862
-8578101538525403047
-5514369500657439166
-8093465020636201324
8710682347216774543
-4718402412742753324
614730321995188804
-6506791084505925918
-5773276348613230067
-4542871357341011817
7599685756743296642
6856183237216169833
-8619116933888930593
-1138641253826574264
659971023555974394
-7873579136880815958
-3902468482274643087
-2099517589130062364
8127378314587384610
-6935398409563720260
-6045416172561667617
-6875510588201178053
-25477679511880606
-8544712983159690554
6693751566462733694
-6387161169517687697
-3242270594153962345
-6929292760388060280
6822350656206640980
2508827238232792185
2075133990666478226
7614904038412276179
4664993197177691803
-686506221789696604
6053876961071825559
2290449374596424716
-7453801459634197694
9110696890627625744
6197572380536461535
3619881323749798830
6110803833859692652
3757136279757391920
-8921468122341340138
-245542854020015163
8828285726116759278
-5259614665614481588
2721402967394267101
388222465703735155
2109708038342205397
1381666313350508544
-2773875471573340343
-2084945598197667730
-1479393614483691810
-9031871150630036037
-5787626433665743006
2803495978289931648
-582167325456851715
5735976174972587585
-7444080725613522523
8984684813891647750
-9041429749656505641
-1117911318819932118
3531585230727306883
-8928680698044135566
7035390542810581831
-1051264190543023775
-7536086115032621088
-4099826225882810935
6220262363417857501
-4620384192452213339
-1821163975125982316
-7569806721878579162
418421282311326042
-528162511362646773
2338382374511336941
-8700596084514074571
-8457469913118071243
7617118440799433338
-3309397973753986004
-5366006825691706439
-8041404954723358439
-7778016656335349203
-9014863678388619517
659600710079697670
-5390478032455023260
2047858686606743605
335507496824405277
2190686639984506759
8924176894835179434
4811163527349749493
1539801572814294422
-7112358339588476359
8277738150588686385
3171477761535430052
6704376524766505599
5997956696260936238
6027864911028172146
-9020839755772516658
-5312741052676715684
-8883417014338561268
-4175505904337656162
-5266236530646681900
-2531236810899564635
-7883768571411815541
2653318023856821783
-1390361919960583577
1297519683012079944
4373123021837042683
1675831138344489970
-9169656847120263919
107727825510747941
-9095900616662252357
1514112616086265980
-2481577138875652180
4054115568062637969
6561009219575348419
-1072823632614129998
4896884540906346216
-4027080052524733740
6332079240014942235
6447060044547757767
1192854013898365386
5280437995803512235
7796384970827759202
-3421288365440391006
-331789438369552345
5076036427412366278
1943791423721046344
484901323838656093
-3978606785822506707
4911383126890973771
-8958402508867765484
-6764849933683683641
-1965859761506713125
64878942119846481
-4581942894810745570
8219498345064087523
7821097121119341444
4550972039225695078
8104508033185541718
-4179397393004512921
4375976031312263761
7442195374106627594
4702486557344659900
2143445508919531326
-5553794342139745349
-7852396095455517134
-4187731268697084699
-5570489844623815673
-678201803005913836
2376669033921699270
-870825439945875843
7565522017735459731
-4257453945940710913
-4442504941847689438
3031604943675831487
-8039512583926753942
-1230748281896676620
1277100611567691673
-4911937410692283393
8990584120054286151
-953296854041037890
2730637324810822125
-7260430096103375583
7324170084439236504
6615500720855843324
4596006792560734425
-2276644342713783266
3335945461818886143
-2388483587095123037
-6412846955612376697
-7172841233462999418
-5925413094955647021
8840360598144961914
342867803770191386
-7207842372111414791
-3434342338914640224
4528131395569777052
1222216774686087206
8870793859770575533
8306889809992459938
-4820392676576047622
3591269009290388275
-5478009688427687445
3190206128578668366
-7759296054336021801
-4437808847590330563
2162094455459622034
5045269478396260298
-762850457625929398
1195403528718177079
-6105149425727043181
2010357798078108016
9062702985137746367
-4051135043199789181
1090357402633373811
-6431112855467642289
4922482454817002102
7584481895835529339
6885283591893161932
9009768282400616362
-9154319664978307581
-6363116053032646420
-5691252705533328436
-4536745829769211785
-4013357893222729268
-606576707543786346
2516522259356292276
8637528247686711264
8048171243066385550
7670914226557756077
-3403356133119525542
-8334059933199743034
5766451217170218201
-638021300008826789
-6727480892113708633
5842348869177533241
-4036379625514446961
-6521790772609385669
412749550414003482
-5953056678686228223
-8034954674780207511
-5749687916248153120
3166316659766612292
4663170494333148696
-5720470033404842382
-7793275665570975668
-8086152014971993014
-5705880180679827410
-6902347210620399990
3320050267816431225
2311769613458458470
493825665502427172
8290329154603765220
-8886594714858031404
-6535138544629949082
8654351698675602577
-5174380145861514616
-8647800495843268932
-6308961239733454548
3964097413377467456
-7796044860508766254
2936630752396749576
7043820790561598508
-1029032503677441872
8924514437480946929
7314543709816085118
-299895301686860559
8310735335479171219
-1574779091763860631
-8645240045780295587
-4188535547149484648
8471932861020459599
5246856769615488401
-6381122531196102956
-4185859404449818029
1191118713337339520
6355152145821130006
-6332558903343844984
8833381269820741607
6824789587864552052
5734497742463570294
6792198065952110610
-9099778034203932114
-2623266621681704275
321574285290313350
3238027112677429375
5151975094540290710
-4949580919775464093
8511309183169301229
8577676569178134990
-2852064590432577887
-411661179154496256
3870944991126560422
8950614775686616693
7928372127302680163
3162188562793759394
4994346797715614082
-4040351604054055203
6135016035751322375
2260572880949749916
3624042567290130852
3251098682157061089
6500968555359389002
5390350018445896949
7085194900644217347
7286696786188970323
-76891416775564290
-8385269393173560345
-4342288311943794453
-3685753356312731528
6496438239177190025
3824176729906754145
6114888349845583484
7447190642291972743
-6203054484140347549
-7736139623614467962
4604928441648542506
4703512658929543981
5551407674245677724
960430047439051820
-7258322309121702341
-8295282697516010741
1191456602302205011
-6174922544068428962
4064109128444761164
5948733849319442999
8856084735013894976
-7913195131812393253
5591893099025522125
6776494524244196023
430451463242269483
1454050806927570068
3561666318333977984
2652496188501904137
428629010720303986
2360223683917716017
-3421592319535700226
-4736283430119630690
5958946550452579719
-2340296897210957939
74435608176008498
-6140497349536759206
-6445077755662474384
-4862649591395497674
6419161922409404635
1343773863605117718
874756761138316870
-5249524411864603922
-5207627452849756402
6523100636677184542
-6707821572134961994
-764784830969597396
4791764089220745139
7420630738941243316
8685491755471780227
-7059686187792869220
3712443875416962051
-5973325653723583605
3694423992524368386
-4245211896271812965
8550464788350956816
4206904924307940172
-3467027019142269796
-4204390248130732612
-4733676406797710787
3625103955374144276
-4331363967529957553
-4844258278373104827
7685589304294662082
-2567580988648799756
7715047977831282222
-491651258015366478
6390839297794200873
4712255608934767728
-4210314775048214052
2012564421402304561
8080448581506896852
-8972926666353901823
3609261069787307541
6219604389746899749
-7914474284941920907
-8082739084644288365
-154685721964122074
-6231012379501649756
6670345684997061267
-8762424151071355641
6519169826195701104
5548745960519118329
1130996318927720716
3966594965860736946
-8656864735170915863
7525886565759836962
-4078858243126334835
6962274188058996189
-4122349745570077030
2222617481529804114
2428188964654015260
-991447110794405565
-664822405465018334
-9212356568443481743
6922811073644001167
7753277172982923926
-7469344510225564367
6289937028454809239
749056701587901458
-7122987026649402375
5399995925746361614
-959149198491037548
2090916030653842085
8460923691451489159
-4326672151324686830
-748428896203294100
-3056939509757353572
4386088842122646987
-6150620629298949077
-514653567465647917
4929685218909227549
-7061258792230401978
-4975627925201995942
4729489469141896373
-2108450616060871003
1995001825764281325
1116531439376529973
2142038042486070705
-8074907685325391484
2581276567745980328
8735122817666828390
-8919477804438369128
-9034105699391794340
-4546041571719931180
6447532251234286889
8241809896377462259
-1414776925923657306
655848810651449282
-8539039279613558318
2055513317928494203
5271112508134159661
-3621609838378234314
8691670388875115589
8281252011372753823
-7633555583858524016
-5002068664833792536
-3410004208242455172
-6121052101157182975
-813219586071187772
585712632790239494
