-1754997289581703900
-4303385962059411187
6054219815712403218
7711531919466662211
2686408388613329263
2827833483615863009
-4853974716654260597
-1865368814577322699
2906005774279297642
2909691821568362552
-3692616730642280705
2066238585652763105
1257918749105977241
-8719472826192174409
-5217342184753807460
2607997960862098344
-1512279931824551820
2935936612315496217
6775073367541689031
6022349032407813950
487870908254660329
-4692049134271525462
-7216637233747089260
-5522898521365962711
3521468257257411032
-4840343534971183411
5999593227433263440
-5472107295845308602
-8654917034575525994
6795951249421242743
-3209531156369801224
5417539809192565061
1602607262797594731
4733276843937845681
562487068678198463
-9127354543295498968
-2496824864141199084
7568284808392206105
8436057820960737164
7959816903806614216
-2356820789709337279
5416059883728982881
7680857770147854969
-7252795925653786288
-2892708411423317480
-304702080956579633
-764520054633005995
-4495466733071696448
-4453118023966351184
6353983212077514940
1413716489407589155
-1293563284453734037
-245994285041827689
-7746075490744018411
6836191721971639961
1945431572642150521
-2893872926542421427
8877852198118238173
-2005342085466402142
8288001499315040358
-6591605902288455225
3410055535803254697
2935218464407415261
-8202935553059508607
-2594569824443627283
5177007491014350882
7696982779400413211
2775519743541931630
-2897215617039046117
-6267931999835797625
446969335922742500
-942604384920641371
-6479446443709584732
-7596509306152930776
-8922554784679782925
-8005347130081398544
-1295233401835768502
1744124835562885356
5117847220911124918
-6243128142206591759
-8978982123492864824
-1180038549438482484
-1050023712006645297
-4218910999497516391
4375601109661931081
1023035621807563862
-6755152117788961387
-7225142551011111246
-2604713459621252115
-5910863689373115349
-2477109188051286892
-608171986010762409
6676728819444543307
-1121665503363392639
-8913435408614330104
-4667938979267457417
-3870388076306992150
3136063928326132641
-8450585512899415450
529816135512250453
-3511575565366388282
-2623542294995928726
4125307172050591700
-7737942590025190902
-7983060750718943278
-8690270153942621236
-6958101394042727764
-6437494021074334718
942367072997193328
-4516088326726157746
-8327412128684771075
7628787924543675515
1523020882414008826
-2927370081608109175
-3545670346024093686
-618978820534008311
5054380005714115901
-5644920507161189461
-5311807453735870775
6741399995249593877
-4224211555337780231
-3065542638850172171
-3277781087439951772
-4296126502558375079
6736902871643458914
-9151256067373870019
-5660836809269195076
7291563061751886949
-7176843094397202782
6528658594950476653
-1073077350943626015
-5377507905595615714
-1686156143061844652
4309323151600849922
5773907704394314139
-2919679170000537031
2354030733729966603
4005095279343101838
-8590126398617820699
2288676415552566724
4313538714474408649
1793060706519737398
-6138864915582276756
4282988757833750430
-8142429778038483576
4393498935867458356
6347843164287305492
6084139925024968442
-3667419740287595851
-2640532895816724650
-4535004543895917709
6729505171687662048
-7532770270291669073
-8985207872396033155
9030414009825742676
-8349954719624268884
8437057993557784909
-3082558398624237281
7336006967127571510
-1521371091419456627
6179163850430670421
4924846450786019014
7328571624271458507
-3233882495223641337
6416182370658748934
-317232775569281393
-3480967133716491399
1620484117799273586
7935582082180417167
-2989341135875343188
2691758029974009052
-7680320956248710792
-8847842007613089899
-4785803140143090206
7409632456222237250
321079849475533211
8633925060904307889
-7245438374175607284
-1081772527999743955
-6040809234003134291
-9121627302268562448
-8159245370260595050
-6286341659679284011
95046785191343445
2160469198295209041
-957621248253496062
-5592675512306644316
981830006107412369
7538025183627122763
6224098420183290215
4300838284878295736
-4370594210073575633
-6906466326876403644
-9106412765497385747
-1105544451723731100
-9194378933500421550
5513743754893653274
3751707538553479250
-8504295412887548241
4027750587202100211
-7261499229406973282
7008578484966662760
-8845997399910908717
-925865019384167842
-1283053100616302059
5429274521013720724
9147189923894326975
-7085480555368501839
4895754949407526070
258175474027371345
-2978469771918263146
6458811934128047712
1489477009337347630
-8743444343300732757
4456648328748807214
-1380681410739063884
8927588065109610270
-2257293015679807803
-7917022050591282286
3471688460456649287
763350214651580316
-9000872060470369197
-1424263761258091647
-3596816745124390263
7642036302913323438
4408237763162277152
2073002110075525612
470443109711734590
855686944031683538
1563679035818279050
-1695507027336893317
-6809192139647890434
9209115693621889913
-7290300893442648063
3873066545062882057
-5542966878140986444
-6026611072981520505
1985441463066389900
402569766199067172
6227723465572138784
1404049713967203029
-6619043100701916605
-9071925641433307762
1116601280660323157
-9185024494905626960
-8840069132638124842
-6530359028499758401
1521456490091563067
-469487223627547305
-6611108839669682172
-337047196172582048
6900600824743077646
-7985738840821742464
-3490421916337178331
-3910074680803336239
-335402926507005731
-4265817908531044397
-2603710412739817823
8772753785385402788
-4282322285654731508
7143170983230684014
6387531129422227063
8526734643063322143
7847069324694233042
-7483285901261361569
4927489086481685687
-3193599986824253250
6493350627834704060
-7204996027722930899
4993517704990319112
-327673589098947152
-5121096108972066520
-5722701706051609520
-7916221090561672669
5354034912254559317
-1996225582478763317
-8290490455926330700
-1959559951829251499
229790104787122630
1529290863046499884
1341323913389988923
-8732735274204301311
4419388473788736333
2976833536090110246
3196321852784483383
-4190964026066200804
8780502262498068712
3484031013799929194
207148840685957108
-1951302254164629328
6806299548809000906
6601085728681510651
5168697774373650732
-1373397609342015143
-6148562982768282405
-2614583093971131728
3693878312486729873
-7671218940925628469
-2483494226172969165
3765686505196758197
-691131426244958138
-2476024462042195126
3007144092771590819
-8179733835193780470
-3629437899293620634
-3380730025560894928
5084005255931025964
-7010164131748288510
-7608510947296151684
7436647922893754474
7221266639887778437
-4438115154318040890
-4252957499145000695
6648148892765210108
746937584640892057
1653368419118722000
-2575948940145968126
7353635773502260601
-1162127284405952505
7749704586713385840
1596513380080222031
3039734508453757579
-1500851446721765983
1944120767577399370
-4699138721206781362
-1529210289000193935
-952410958793969171
855279006755905494
-2226837520405788851
-822175651980111748
-4194474085123602521
5824510053918989023
5193054375580270099
8635302273177550993
4350092825240119869
2575475493191226373
-8967485933684003240
-7262024824625653334
8119434121370822737
4742144788761421371
-7766315290671257016
5107060048948858453
-1680075852635879877
23758688927710025
2186799101114294532
6581331104896579891
-6216339974456573819
-3729958380386430389
-8695331599755048672
-4131176264251487366
-6416429506267111827
2944702818381076016
3326342109022542630
3485737618299390836
5463545720927556710
-6014429812277607364
240550462534048786
-4413649080215903490
-259515052316346729
-1453998764367797626
2363825020507158485
-1242858007017914870
4982211132677946202
-4704089438334089605
-6414247397753345069
-1900135827339560675
2039826193283157438
-3677470375117722791
1154628111109669220
-1600308445425393711
524563865331544070
-2790041816971503435
6825273905662810198
-8740511223124214956
3342906361300774440
-3076176201429116683
779992191536939369
3877182022018412776
7643603094695223375
7094344753744199639
5812829593417853138
-811261933493243807
2045578089716923738
429180125012295913
-7616240944607752007
-2931199493172907350
4196997075810483546
62929428295587342
-1398137973592319045
-5902142127761651648
4607407010467335192
7985576016470111743
5692341877531813736
8101234815478839221
-1386632405631923316
621729625215998663
2946316756897773254
3995873440010087470
-8521278787636091289
-6177962036853696442
-3188641998309610292
4416025012979807206
3458007295775339146
-8812399133194059088
3858596480154097384
-9054638745616494935
-364011865156230259
-4713532722847079157
7140085189714724730
8125506003236408410
6027347239681330489
346703638129936308
3330303678420549718
1452857846880222061
-8514434567624067570
-6452726070448437541
-3161079682015236794
4772148484966557549
-4580310396505835074
8907462422663575810
-7768092388614164858
6841603322997647223
-3835702366448780368
83617556551034242
-3171441604075932858
4427786757877284029
-539057659388581506
-1056061172694988027
-7386193437333674964
-236863961523191547
-693807723017302665
-6063509987389311475
-8020557064523440689
-6508390465283775192
-2757942029135007458
-3978119260496533652
-8798450999604790467
-4721262960903471213
2740043113681162153
4940602069575256778
4226136874127618166
-227178363994379575
1911678610250995843
-3695116262153290461
-4681967100420082450
-4618221347476589602
-2334976858146176566
-2867319411603381434
402721938743885327
-6519371770504962
4236620843906820817
6891180216348348503
4355330754426440117
-1109538406301313052
5291325979969834655
4353463541570845773
-7923216866409350992
-6245491198498190237
7010098138951206511
8068144079871642229
8125123085687667013
-4321841491788292383
-6943517365763498962
-3005069687110754323
-1705053427748585043
770500600068539095
-2382360910042321664
1271422223684667946
-1098799317092361579
-499267831930436270
-4351499178526598212
-3526340915438652046
7933226378931911069
1045048653251603317
5830250941441069931
-2447359111750438045
7025926030608411609
-6175557977163587339
-84591119467980339
-607803000865418902
9170146366991732819
8290694297459226267
-7322305869156421164
8885505617381228365
8543533568962585222
1711131944935715014
5902699908822502950
-2614966060197968478
-7808408600251788059
-8106051477189466650
3395950535534875551
-1428664664391873451
656692455658158930
-2633011803834372862
-1657673286545511475
-4124168875968859866
1868726158923138471
-5473186170682106829
7483729883838015346
-8575570090555970008
-7987881013950592463
8762141077909362471
-8196301783672819450
-5075526144118337468
8167355645037994031
3907928336150850975
-2787322517334552781
-4372965630210802252
-8525894511506879913
9023562759291587057
3734164512784201559
-7812075550397019000
-6151913542742265518
8825110941290786694
-1789571298871676923
1497903484725274916
-8577202030550602180
-7874605050636105379
-1304395378350242940
-1156439316193342272
-454452948607933147
-8386758357392013177
835479163954201166
-5011236995432102937
1565973049325793170
5823227640023421609
-710630477899410029
8595139326134682873
53819869144946428
1274722642959958141
-8304777897543229004
2121626262624949929
-9049433953886183601
-6822487676730954671
-7975547115357357880
-6379581552670423425
6765758297891725677
-5127149789529157498
-7430970590657323750
724170033089539926
6300257507409606057
-400745878387935726
-1134789218849778776
5931158576646246367
2615552119929941581
6437084478418907903
163194807827711654
1600661499930964253
1547348794457858580
-2756016128102369047
7277106998417831929
6059306673904770279
3015122114602305200
8192525812287730564
1437404674974041021
-2854940346821155734
6396743466884488005
3590990936584517396
-8843775271836978496
4825544952039519908
5931032062261846764
-4317531029684945164
4046415098962205956
-3476565341606951190
-6453803652105949391
-4935137099775001584
1385554424050768961
1753427936114934627
4688662306448407190
2861108926315082602
7605555712983141984
2229653170163047306
7837042775646360334
6611779771956964504
-4221895724625483775
1514012677387490991
1894401902944064642
-2347168661285801916
-6325680469372594442
8790892485970918007
-30081784225909936
1097957138345875115
5115769632396276934
7015947100277096792
4371790632899696326
467832002393482783
-1482760201178429141
-1669231891514662626
-7376714917508922453
899778299233649029
672730563086228628
3048132286941798761
2065972276205360823
-1987755211555526952
5271547697350040228
4543265479129236012
-6060839246768091369
989405643815632292
-4631290362391853903
4333992521441178160
-6177261338352113430
4105894511858283915
5505345110082270278
7647703691375433103
289330471037028294
-911913457924950844
-7028095856712684127
6660400049765211193
-1567078327152889549
-3356821289390631273
-5534097564574727627
-644289076940363662
-7874842821846231250
3455709486239414754
-5321096512901987543
-2049363215431121582
-6055423750450449752
-600153390182703209
970770547930842072
8090555569006472516
-2653517207537586683
-5822683690685359813
309427314831551567
6295020422908747911
-8888499344318226530
-8295681047937661079
-748334684502942765
8438071165530442672
6088896536182756415
2886403360701950029
1305638224109902680
543811934536908326
8736468286929512873
-2313334681441421782
-2605373478463430646
-6091763046636244827
5055677638927792401
861184355667547605
4230957046610599368
-1365714726607250500
-19607309369110113
-7992977469671746249
-7110915053602281052
-1363928259842138545
-1695963718908951823
-8982051224798529074
-1052213795827241884
5565763540994831381
4681262164334458773
1446686725058944812
6918991209469879556
5836137453142146074
-3312572984881799278
2961060451778749815
-6820582487585080526
-2156077988926632129
-4318372821267141920
-6853197414619615256
7812476474374644177
-968716036517648715
-339116879326538773
8455476760200590156
-34586300731340425
-8640096305695436154
-1420245747372459500
-6558513369791998842
-153197022410579218
-7587160868987568116
-2231993630787662800
660283255672723211
-1741352275232247370
-5526193640621338504
-979910236403662073
400191811919076196
4814726153359552130
-8018401503048155316
-8153555523165066282
5458079116647706031
2204334188198099383
3171923153342634209
4800590394902594254
-4324430155241020385
411469388128787952
-8695392385846820638
-7293113509134738030
740919240961740152
-8128552346671373700
-3135379754131027761
7496864617244566973
-3070107949498568812
-5206336963084669474
-346048448395913604
6545780445212844890
826366222344050144
-2225812987334526900
8683885469759789711
-1256874866614085782
4491055278599204831
-3001828431952196047
-5775012149639964923
-2483080378800937374
-4060175020096667738
8943532323184698028
-1736869691503037011
-1992546483106573654
-4351209454753507234
-1991443915996597745
6337794235834805931
7966170455587718943
-5286658792807781178
6109925174703830112
-2536723085395575049
-2029668105807990383
-4513830301777793617
8081629332487315419
2734966422928502492
-5743997340474380986
-2012383048756479874
1894676002003843950
7996667443687417977
-3518500150245343883
-501225825682369107
-2355938641210097349
2463838302566407747
-7817419589646067764
-4929900106139744439
-7033868219400695526
1508990910950228353
-6466024760614011157
7480922122684262261
-490950249516862700
7445911443568527567
-5331993586816602905
4426712417356044007
-8017259402510718487
8356226922872063644
2326460618747481544
8494922216741190502
7585455767095530891
-6469246470300446805
-1066846951664399862
929031956786990674
-1837813559440267871
-9222613166648675946
-1030165832905760480
1158681691229895452
-5606975386797384699
-7917617663588370106
2438670087230477292
665533838357155273
-8711617713179926714
-6014486298136884868
-1740472635954405559
8971473425495257459
5374112370917350695
1609932949638660428
8194605464185505410
7088127465170271944
1686307686551829790
3399932583543878301
4825419614151044567
-330879054152869239
-2543876747144191274
8521669798316189866
-6029702573466090241
6492248750529078284
-288286502351650643
-7681159536024076669
-589064117242396255
-8853572548444015685
-2178993725350888905
-5135278340829526643
7462066876472994266
2526272778830653843
-1449554671297308999
3306968939003821054
-4482489179975422278
3907062619851443110
1304969761742439342
-7955433903156382
685602856980764358
-8196023507436735335
-6029428033057675450
504274184014448409
3348084067217782904
4228152919896740391
7140694357746811618
-5884845891862117674
-850944223221463878
8666395910357463964
-3528510394379934311
-9010198300079023839
849394413540663663
5285251121483819098
-8376543696636055881
8842385600229509590
6936174463985472491
2816227111037890135
-8389254792779390920
-4390644145316865884
-2182217350520423563
32956846681043101
5275884837702304081
-3263309422250888304
-5775543392438395956
689136815052887498
942401350107631848
7689612328249846127
6943737524311046047
-5456043669257281907
-2598047263618267113
3343308533743857775
4780319242787126036
-8532889558260755409
-3662662421689766739
8886021289178283150
-1463477376664062398
-9154178216013183225
8550153607621538732
3817485881498658337
1309867999214200758
-2178424358349546235
-3083364717708037172
5343070841571188815
-5931115993017985294
-5732474083348975576
-7488300323460372489
-3174046818071445612
-6507266340939743511
2875729925534039304
-88651328688422453
-3383066083861950401
-2875077128803137403
-4207895638440992435
-8615958098971112421
-6223134318503854861
2013950578837378338
-217002240882529739
-8330539421377045138
-2663607313198709462
-98518633541592816
-4795950512460008686
8335894551998339711
7213200240393274285
6816347956758775316
-7791629673277762614
-5505397160176318277
-3618052331569461987
-5569573194413472281
6304496320906125142
-2767211125599751994
-757664921053467026
-4485877362663422794
-28003581366226365
-1067657614187998986
1229121651183235942
-3912118500064080992
8525691673265606964
5512240740971274198
-4706102269248430813
-7287724532144821445
-401129796879329443
4666401913137225381
6119005479267999890
-665588632093198832
-1644635952921660150
-5199530730671342635
1260586351316026617
-7518232865078490342
-7615435287388635626
-8029499818033674868
4031939656767642222
-6843943006336470965
3445393005387106420
-6374322145513559002
-6122345904728473507
-2446903310943159032
-8629723608313455958
761320493476385969
1031215273892789253
2267080603858015400
677838684374035025
5262742201357548399
554015159703297788
4467810398935675128
-66707004993656170
847711953595672152
-3844636289296433753
-4380220637541499718
-2332272204907369796
2246295439932680085
-5668287926971714109
-99936373078082015
3970451067692745880
-2100578858455994362
5329754955490886879
6440492016213479766
6838099926037945108
-6787250833419423299
-1655043689901134113
1078556156490560247
4263835234418944172
-5833145521575325055
-8981018348270685061
965872106855979667
-3697358273907565068
4769522654674136652
5551645258688977341
-6616593332651154129
-8897551084677459952
-555876027073271347
6675049651489782919
-3104120713297391676
-1363357326559086790
-8277864963920079641
6651475442418023179
-8260900246078504514
7652945249268333887
-2768590280389108432
2651110520021805649
-3592321705902348418
-8620373936173409278
7196150690820837491
-558656122838000460
-4132277232430883623
-7984409028704580616
-2974712368868446417
-759245699538257819
4162595935551793048
-2171821928012987733
-8874781822063161579
5044368382186315239
1460021514994237942
-3596218128539451080
-5317292575447233139
8948993783375371921
-478397000295336667
-5707787691854187824
-2519089331624226254
-8066664923720252657
-5874183024714153015
2991308609977113402
-542614569947291311
-1396783044751253022
-4949109074943548293
7809588514807797071
6578051466211130991
662692693361935835
5170963485108292679
-570704133813067395
-4228842519864484160
2056629689821078692
4416149865687140654
-284305075134921659
4480652140013808560
-7928351500924918473
-734933975408989019
3968987469415314622
7542428405042828638
786306736841946724
5630257816257037844
2073261122663275279
1574352730206041372
-2202981249313458864
-4134841611560751783
-7007346449502888200
-5216317067995889679
5956394368506192881
8677520645282241858
901918637449610826
-975666966522787561
-5598704170550169709
768747051479817750
1961230832051479402
-678760544590064515
5365442868735575893
9107895423789056013
5542659972370306002
8683070117166971205
-3055763208650784083
-7135902128401504813
-7130537467744727408
1871422396021396551
-3289144598476974112
1187941149881966345
-8212473994182606138
-3183669541813335411
5440992362427376267
-5603599739800513852
8248194066138695208
8783427028144806869
1173732405680159261
7445998005962062348
1312347968462705537
-4437647482567162606
-4336196231172728742
-574287841288066466
-7332965856423995090
5927121255402615531
-7167435143981248551
